1, 834, 853
1, 868, 888
1, 901, 906
1, 1085, 1094
1, 1126, 1132
1, 1180, 1185
1, 1200, 1210
1, 1339, 1346
1, 1355, 1364
1, 1418, 1425
1, 1441, 1453
1, 1472, 1490
1, 1907, 1918
1, 2248, 2255
1, 2293, 2298
1, 2444, 2450
1, 2633, 2645
1, 2718, 2734
1, 2772, 2783
1, 2827, 2835
1, 2872, 2890
1, 2993, 3034
1, 3121, 3134
1, 3388, 3422
1, 3690, 3697
1, 3727, 3733
1, 3755, 3766
1, 3852, 3865
1, 4071, 4082
1, 4120, 4126
1, 4285, 4298
1, 4317, 4336
1, 4367, 4377
1, 4415, 4426
1, 4443, 4457
1, 4468, 4480
1, 4497, 4514
1, 4530, 4546
1, 4593, 4609
1, 4626, 4638
